461635582062772224
99218590489788417
846430558557229056
226402943568576512
200805963295502337
247766060651118592
461956255146573824
749992371451035648
787013736452149248
503716470225113088
472197657545703424
187975904545345536
835212903305383937
930640284056088576
725719635639853056
817870771154485248
911338009743654912
410498841830371328
195214810412105728
421645240328781824
820266619750535169
937538036698664960
281152258371104769
379812130364465152
517435405139206144
387039073632006144
752260001012473856
855121487543533570
9828811768074240
888478854158753792
112564466352275456
909735345884819456
936044279167938560
499166180507389954
549431817716400128
399651743971033088
443718362297012224
722640166121299968
504057719503212545
205031362879700992
467049039960485888
494648340705865728
522202577585180672
410223353249943552
255400956542451713
806969660092674048
902963427374637056
855084770165915648
442483257511538688
476930633734713345
108064502767026176
763182453309607936
481839374909571072
933815048966950914
922214330719973376
797989714846478336
923565230453600257
922665985290752000
493939949721247745
914837124909862912
924267102650978304
558412626959818752
935346782619365376
760063084471934976
104919493070954496
940969464073474050
379334435344105472
191642305747361792
818819801393102848
216004383454932992
926875490559946752
422201570177343488
182008655565172736
845055883050713089
368953465466134528
925547297127010304
833515232614023168
123593328846585857
731330129432088576
924525179560255488
813542961942265856
443371859426684928
505270141173919744
936243544859148288
914911609818157056
829105081542914048
517769126396575744
396716398602625024
937460698988384256
877032461447733248
775837299070427136
427156530296025089
890010900496699392
281637041047994368
517440148620197888
591440252444672000
806904288421285888
933816553526779905
533812160687013889
133657570618515456
815332983133601792
537467122516230144
938539446445723649
912337119259045888
120368245285982209
133748836882579457
924819564747206656
893946381886517249
368671260273676288
818233636822675456
245697374918414338
514440403245084672
249649413981626369
935103897622011904
181047555130527744
559414062946484225
746703702589902849
926885307018022912
885894033800933376
791229679176933376
796259188506841089
914680241729277952
913596568686784512
893946389897588736
881722383127764994
535279681780867072
439939178353025024
756219741920821248
895517405371404288
181178141644046337
919308391314472960
864604592973242369
286636940604891137
440323284442578944
53291024101023745
215253116831014912
307315166444412928
432611833329881088
510657476241661953
845912431658336256
921397316589948928
933503807534837760
243763827114663937
481574695532109824
765011451954229248
809127364571570176
570812683861106689
158196737239040000
760638722807246848
905394482237104131
918055928099983360
913858336038248454
274785625679470592
183363872726593536
241348791956025345
575446378534428673
504869093342982144
847011430696194048
914207501628923904
190187720168046592
123842910134337536
403930472612261888
942871535056048136
822889044761837568
798050625296601088
904483332750282752
110622737076207616
682404740710400000
575416396512948224
451419869225828353
925255574274658304
728431415243636737
873200508604907520
731989283842613249
934259542820503552
550820770801127424
552360042939551744
895184903238811648
863127759668862977
916805738667872256
791847378588409860
843528687291129856
893214573855035392
933782145780236289
543099887328714753
781884823585652736
568803353431580672
485320735964291072
912122530722402305
622201608764416000
543799124923932673
546015426871066624
514495682779316224
558497799722246145
757301093680283648
442979741654847488
181349418459611138
84294170298163200
905132219416461312
226145438284275712
875378149420179458
925156597764186112
491066185476481024
927268057688498177
377061833565564928
859603770141011968
368342467910713344
941774171339620353
925765728858406913
928936437684170752
912379550419554304
730953979484602370
877241342933557248
840046778040897537
261266622856192000
407342000904470528
864730450916507648
263109686985887744
341974276188028928
797932963090444288
819891282130702338
884422186932461568
310593342591356928
896267534760071168
487333173835993088
888272001143525376
499286401633226754
851297057520443392
405509545721475073
840997960590753795
796179604222394372
386649032837578752
895434179751682048
907168526024232960
939137466652557312
870482853385166848
457679155241705472
772462784755929089
518912626940596224
939298467926675456
520334344674873344
938262434787164160
542102367823745024
771889242201096197
236994591323193344
818259524519858176
409439202569228288
810281598591635456
721044878365319170
893321068760485889
922152830663831557
922153731105480707
10125121264025600
904539513128706048
467145011994189824
251140330055942144
797152633219936257
244880458217836544
771073092718395392
378245749017817088
254622160088334336
707595598476800000
132514569406005249
85774673916346369
251098349434990592
927591000926810113
474311234875977729
896905307149877250
812045861404307456
937955171056996352
936962738827313152
494144602010431489
765239575472070656
22790206499328000
845314746408562688
884204931380641793
926984646289756160
538059300355072000
877501065301819392
515724416979058688
870290325251739648
442422163526529024
257268537419235328
894349622243667968
939329467226390528
274263022464278528
303475873028374528
246779218313216000
487033570871885824
534839083110252544
819945366636347393
734547911783141379
271753326494879744
860669094630219776
425103232990720000
111922937942122496
727923976194809857
222873184674906113
853994696565293057
512152459029254144
921805990382616576
530549777793302529
255979857773744128
267421731742957568
278148522824589315
873739049705627649
140353065348898816
196223838474862592
823971141018669057
545367514155188224
408353082633125888
392104519376850944
64894238302797825
207670640545763329
919663709009661953
522934151801212930
101742719889707009
454984228791652353
544287990663897089
492764876746420226
91357758053564417
495314274047516674
862820687442055169
941514774495551488
745982111727783938
206863271075131393
900357350703353856
528568123193315328
573663431129063425
775822689265152000
810969241599942656
534212108712701952
846884990868750337
810726756051193857
830896892242432000
187203335638618112
901627415365120000
278295582882267137
450757965763846144
919346764808949765
736435573683027968
183412664184225792
92786274762633216
240477318152327168
180793434427244544
913384269871042561
882819444455743489
925506279728123905
508700780447412224
927404869249626113
481770444823871488
757816328669454338
184487950292238336
740433020226797568
471784918154883073
504083288965660673
459421956412956673
862121710480392192
327907887307440128
797542324234354688
264018165539950592
124227717838278656
787332667570200576
942191735983128576
489486030933069824
449385074752892928
489825521392287744
255115961991053312
757657246587314176
798712927910055936
929668278766784513
878372241314131970
139600114875498496
537357043473334272
923787682353881088
493565328904167424
784564239742734338
918659915383701505
267063631164891136
886468628173824000
804139909808275460
140249584533385217
111444927237459969
786444145053294592
873162243260768256
216593059415207937
493141471562706944
919998163108401155
279623644144082945
224602564883259392
899078408772231168
883066687733587968
879166670752935937
753452202463752192
942156419658162176
725537003178221572
405154752024940544
111090114498789376
419320185850314752
247182135046320128
247003245183135744
263809460550643712
924811311858536448
243027939598401536
510936211255754752
871869640754024448
218913190107553793
543254585700122624
366710312310812672
939293599916797952
558840132867223552
781933012032319489
252190223121907712
258394493739491328
911960611554254848
904526829087686657
552686959785959424
297243196537315329
796200792030113792
937183648670871552
938527025169686528
848731025631039488
940057106228453376
431487023187103744
828046954470977536
414602436033388544
256864349858189312
935865552073035782
879568966900953089
387041846473396224
371838454859956226
756941459446784000
270267312949587968
497224092257615872
838982070114254848
235392366889017344
758363690647166976
390673249824415744
912721020775161856
819013340009742343
934979427817218048
485108967660879872
887287499202101248
420798198492311552
898598375272071168
209730356507705344
560930014104141826
928788954450661376
416085750346559488
521061311938326528
919321805332013056
930786390178172929
486344405322698754
488291315889618944
260261752158162945
751092701798535168
932331989734248449
265506296051154945
936777861326716929
240101405929648129
238166186976755712
940040991649677313
364482989452828672
494018570800492544
749071052588904448
784254849198227456
467573207705202689
847966532957339652
212041384650227713
61488072952524800
507351213000884224
555490937174908928
896538529211219969
245006063336828928
534118216243478528
560653195437801472
870469081966809088
236387122834190336
275249405655932928
914570055874162688
566684687020470273
921942226699132928
407340728159715328
222307214965219329
384721843690934272
897838049228455936
924693021559472128
378393913905532928
92335282954838016
820820389140033536
554836076607852544
397814346971353088
482496440565260288
879172830243549186
730907873270587392
212668999245377536
916325058020290562
538499074400739328
898667266828455937
507767320908140544
922266891233701888
900376256750862336
868171476146507776
549586711257571331
435994543842791424
488907166514819072
893533484014329856
217981933198651392
476031100952010752
100253138803634176
33665481189625859
836308794799968257
479611460968931328
927329053668917248
550444182683521026
424405081778561024
917122004465176579
133380026245726209
943330161394683904
888771876012556289
190346944718188544
901967839459811328
727147968923578368
75877928973516800
924034305373954053
259526342683553793
461132609977065472
364882091814551552
404303180810313728
734851346688577537
750952712435412992
362358602314416130
906513298954354689
143741830486429696
879494689367482368
279031687546015746
781276705726066688
740420496832008193
893526609550082048
69554944214175745
846552720588914688
938548444402200577
539984168852389888
450383999056498688
251427571382771712
807471454229037056
257907952550285312
460954060590297088
249785191114092545
306147276416483328
919347057671983104
291792011370057728
484776364252618754
546580556637810688
922613800343392256
907665637178314757
434497983019634688
899994077516660736
810802295331950592
938283575102885889
864580854261198848
456788648902422528
532005245476687872
741057237192347648
542852772451078145
914534609286782976
332671461527523329
489629612759318528
835166878599278592
881609830968037376
567485393147543552
500870301006057472
400793896910716928
456513752829927424
922829138544791553
497054917534953473
207490235825799168
878093541431443456
818268444084883457
903690933320998914
874638601774092288
200048473205248000
538072339632492544
921829118781640704
890299851929530368
921564214422106112
563852638584700928
938845824846581760
473357698936086528
215736136264454145
921738282085552128
780598832279150592
459022069242417152
374708842027700225
915967591495208961
259379779118170112
535811897145049088
535054897792561152
219417414453051393
542123225799729152
758077564795650049
448936372724707328
912133079929561088
212529874307514368
915769538851065856
482137025072484352
412421876984451073
344636860737404928
934815178910257152
547429789444108288
923263561597464576
855838425064275969
901194044302381056
558492796508598272
120365588248936449
236952495727996928
368060770623311872
527263937302380544
772162370923880452
751237498957856768
410624583947927552
738062114414329858
379063785644109824
878009145659506688
109396399279443969
284056623553593344
870357600008716289
872917625147445252
432017405183668225
910304705758232576
504100844556800000
49561698817945600
517521602515570689
732447377525723136
108191762824175616
424622556273201152
516227847074377728
831677605594165248
431702710677962752
223393520906534912
283387171073830912
730501283107340288
425136793663459328
252027019183931392
904126716242735104
382070420641292288
545089956503625728
370926843538710528
427855367151030272
917891631088635905
921150262756171778
266989113863974912
564213068318527488
260092735321673728
936779343862181888
774087021631410176
882731690061320192
189434617558867971
234367257516576769
420397883439869952
942748145095622656
266017251688316928
931302546685157377
847237843101523968
348984109709795328
931903311741177856
587454376672768000
521515640352305153
906278110013734912
776953977321684992
210472220449968128
557345921399140353
208320632201555969
882618017590521856
942801245424689153
937376102917525515
552899073658073089
410835658723180544
464895622680547328
484926596529537024
923515188359368705
855252459270393857
826471777387872256
416232494141145088
390185891458609152
769260535107944449
492328514801385472
779780816658395136
796559084631769089
801825355694804992
725793542816178179
215956514635132929
389942087963389952
823738413480165377
698748648172032000
242495061768691712
852893727668482049
904563386893180928
940026187258007552
900123212603949056
182454274805075968
928111875706929152
249143537789198336
784218953765838848
263491590826381312
273285367191437312
535525500182351873
214727386384699398
822216381785460736
454658865213497344
386970711858102273
525850516291452928
923919784097480704
908381888141774848
887757399603458048
784882415546368000
875480056059092993
462077716519350272
450792157322809345
287009170811654145
430173878019584000
213848524952051712
536555637887741953
374640169993125889
237633202477473792
495412927407849472
443918874568716289
942063779856121856
834630030336544769
904530823617150978
835934110791118849
940013464608739330
218550417548787712
759530048063930368
909573838102499329
906335751780093952
545632399456227328
238730538163257344
560695421757292545
108933610026958849
553018872740057088
224429077883392000
935144175808458752
926186401695174656
530725663784050692
191687966735859713
249907627155419137
26423230944256000
505772252634169344
909808162848559104
819007326824923136
564958274026364928
794025126278770689
422514899630051328
757160396285370368
847635665151942656
744319611315826688
267725885749219329
462499725921353728
894639862128664576
389878163330719744
567195217682386945
927732852954976256
896443826021203969
513756472556412929
525047816469479424
451355395328868352
870119549206765569
487800044050202624
381148864553549825
817973195521355776
837577512930533376
225947173982982144
864332139579400192
827260590708043776
932397356267573250
545030242134679552
926936227445604352
761413429756174336
507609997455269888
286855826944192513
557066062949126144
484867864521084928
464889956544950272
500437133384249344
845851584101830656
455709212174086144
354951618845872129
494143190996639744
440302726338326528
519319879179313152
467490569695289344
417016476223434752
895035641414782978
431972419171917825
363790578804195328
287009413775126529
204764816638881792
843642563043188737
556357420079775744
875104742380371969
570777308895715329
482011851861925889
509909241226727426
404744163435876352
500935125493116928
925753670590898176
113003050540609536
383595476052099072
371657836863844353
752718663917064192
276690945670524928
761398849516793860
804059339086401536
104039745822273536
213858451502272513
941511429751955456
447124357916393472
477078655198564352
222030033542320128
943233927761842176
858075062657851394
414472538732109824
512608779406671873
878065598730612736
876865171242856448
915373667571453952
935319147470258176
924330568405286913
796268624252051457
540584581863583745
511695774095519744
932368692347842560
231555884705267712
127774998583709696
895097301060005889
512573739763257344
411227571678748672
542502758310346754
419313224752697344
935920944480124928
494321852836093953
738107192683941888
110446002317705216
742764748127666177
936601652521521152
410560574255161344
104064660654923776
372422177460850688
326502232050761728
790364817542393860
879402750639034369
930849989755944960
504430340652285952
376701085207257088
242454726430572544
555250634799075328
63442284561178625
522044591080767488
404773032432259072
369320069177679872
921595356982464515
797563040610840576
822013044851150849
899836519506075650
815680302467219456
520326877161213953
916822034436501504
192809466901696512
764098216493068288
934597036732710912
921854827436617733
773381784729952257
930904582112399360
448578130195017729
488558454345572352
217900203049631744
933501191153242112
853002674127720448
480424298528534528
879808842401538048
484879576888143872
812258018792378368
381880890348929024
313093742427004929
795697437914632192
829864281931931648
834168895246389248
284871122044985345
805498995909029888
129691297832378369
128906874874638336
245912878153084928
893392548185624576
872603058571808768
432720447713460224
438872497350406144
427625024585859072
791509157685886976
123220015011987456
540779273209270272
520610584837251072
731349957312008192
886780520172056576
944356047514492928
840078961774227460
470000196156268544
756169736027672576
125258198352539649
131211853027229696
242761947819425792
383565569674313728
780594238258024448
528032067649818624
359137729990656000
512064154698809344
842763481619283968
113931401157554176
841365712941678592
130310681311461376
894552218292154368
928479187463061504
539122661075738625
875614590024818688
423627963230208000
269401448033447936
496488002345238528
209610251597651969
483285643808620544
827985193420148736
396924219792969729
935176991808151552
252794894584795138
470786022390116352
793842967291240448
909227095297073152
896012682087866369
912418261530054657
502725406244352000
735611020794728448
845482532669812736
226799347617107968
786628705510567936
407846749365993472
548537875877609473
418573607636185088
940789605305110534
194654948120735745
942442970615308288
541813688278065152
866313146599866368
266719365792141312
870358452320718848
263109237620744192
469599234862239745
834916084742504448
457176114033471488
935805029944086528
781018141094731777
411616707250122752
893178154088615936
139489990185988096
747652751434354688
935535630016278529
793997875780980736
865408839625056257
569911596610428928
761085055800270848
938506039074451456
360985679800434689
440303637487972352
785314009645928448
799459728900456449
937460052419579904
939328761442504704
194594855727546368
940749074113941505
98616694527897600
888217489263538177
120188858506817536
848174423983128577
927023691254284288
933972793531645952
531530751829766144
265561976367894528
552545243909095425
276031818099208192
812569925638356992
930151367670489089
940689436458790913
941383328824987649
793152196246253569
923569554852274176
809601583285608449
935864975989596160
392833409883865088
941034296382513152
897524163803578368
524771476428570624
926258581242105862
740692657052082176
864239378062757888
776597739488575489
415165449010049026
777009091810041856
189932028932800514
873486056473100289
786762201608716288
925986180533014529
440211574213455872
926658667440635904
724626046956371971
786734373085249536
891146660629426176
923729644804698112
934955203689877504
768101993718030336
527930806858047489
922215409163620356
854755542878887936
245136738299809792
363537941366591488
507356996996460546
910543604325781505
765650539963150340
932647225586528257
915629688164376577
881988134799630337
919750797570854912
420372109303369728
924114867413323777
